[gd_scene load_steps=14 format=3 uid="uid://61o04twhumes"]

[ext_resource type="PackedScene" uid="uid://bv0xxgt1n284d" path="res://Monsters/monster.tscn" id="1_iq4pq"]
[ext_resource type="PackedScene" uid="uid://cs5gb1knkhfa2" path="res://Areas/KentsHill/Buildings/Complete/residential01.tscn" id="2_7w10w"]
[ext_resource type="PackedScene" uid="uid://b1kscej50yrvh" path="res://Areas/KentsHill/Buildings/Complete/townhall01.tscn" id="3_m3um1"]
[ext_resource type="ArrayMesh" uid="uid://coutw4aq12fdb" path="res://addons/kaykit_city_builder_bits/Assets/obj/base.obj" id="3_wquks"]
[ext_resource type="PackedScene" uid="uid://u01pn5rjsba0" path="res://Critters/critter.tscn" id="4_lgu3m"]
[ext_resource type="PackedScene" uid="uid://dtrb37fegv7tu" path="res://Areas/KentsHill/Buildings/Complete/garage01.tscn" id="4_ot0hh"]
[ext_resource type="PackedScene" uid="uid://bpg4mqrfiyrsr" path="res://Areas/KentsHill/Buildings/Complete/school01.tscn" id="5_ve2fd"]
[ext_resource type="PackedScene" uid="uid://cls6s2vc5ipuk" path="res://Areas/KentsHill/Buildings/Complete/warehouse01.tscn" id="6_w151l"]
[ext_resource type="PackedScene" uid="uid://n8t3lf385ue3" path="res://BaseComponents/multiplayer_camera_3d_component.tscn" id="7_tomll"]

[sub_resource type="ProceduralSkyMaterial" id="ProceduralSkyMaterial_s7knx"]

[sub_resource type="Sky" id="Sky_5a5uy"]
sky_material = SubResource("ProceduralSkyMaterial_s7knx")

[sub_resource type="Environment" id="Environment_x5b6y"]
background_mode = 2
sky = SubResource("Sky_5a5uy")
volumetric_fog_density = 0.5365
volumetric_fog_emission_energy = 240.86
volumetric_fog_gi_inject = 3.4
volumetric_fog_anisotropy = 0.77
volumetric_fog_length = 497.58
volumetric_fog_ambient_inject = 9.95
volumetric_fog_sky_affect = 0.973

[sub_resource type="BoxShape3D" id="BoxShape3D_m5tyw"]
size = Vector3(100, 1, 100)

[node name="KentsCity" type="Node3D"]

[node name="Players" type="Node3D" parent="."]

[node name="monster" parent="Players" instance=ExtResource("1_iq4pq")]
transform = Transform3D(0.707107, 0, 0.707107, 0, 1, 0, -0.707107, 0, 0.707107, 0.99, 0, 1.647)

[node name="Buildings" type="Node3D" parent="."]

[node name="Building" parent="Buildings" instance=ExtResource("2_7w10w")]
transform = Transform3D(1, 0, 0, 0, 1, 0, 0, 0, 1, -4, 0, -3.216)

[node name="Building2" parent="Buildings" instance=ExtResource("3_m3um1")]
transform = Transform3D(1, 0, 0, 0, 1, 0, 0, 0, 1, 0, 0, -4)

[node name="Building3" parent="Buildings" instance=ExtResource("4_ot0hh")]
transform = Transform3D(1, 0, 0, 0, 1, 0, 0, 0, 1, -6, 0, 2)

[node name="Building4" parent="Buildings" instance=ExtResource("5_ve2fd")]
transform = Transform3D(1, 0, 0, 0, 1, 0, 0, 0, 1, 5, 0, -2)

[node name="Building5" parent="Buildings" instance=ExtResource("6_w151l")]
transform = Transform3D(1, 0, 0, 0, 1, 0, 0, 0, 1, -2, 0, 5)

[node name="Environment" type="Node3D" parent="."]

[node name="WorldEnvironment" type="WorldEnvironment" parent="Environment"]
environment = SubResource("Environment_x5b6y")

[node name="DirectionalLight3D" type="DirectionalLight3D" parent="Environment"]
transform = Transform3D(0.984808, 0.133022, -0.111619, 0, 0.642788, 0.766045, 0.173648, -0.754406, 0.633023, 0, 4.83154, 6.14081)
light_color = Color(1, 0.968627, 0.866667, 1)
shadow_enabled = true
shadow_bias = 0.05
shadow_normal_bias = 1.0
shadow_opacity = 0.5
shadow_blur = 0.5

[node name="Camera3D" parent="Environment" node_paths=PackedStringArray("_playerContainer") instance=ExtResource("7_tomll")]
_playerContainer = NodePath("../../Players")

[node name="Fllor" type="StaticBody3D" parent="Environment"]

[node name="CollisionShape3D" type="CollisionShape3D" parent="Environment/Fllor"]
shape = SubResource("BoxShape3D_m5tyw")

[node name="Base" type="MeshInstance3D" parent="Environment/Fllor"]
transform = Transform3D(10, 0, 0, 0, 1, 0, 0, 0, 20, 0.112, 0, -1.659)
mesh = ExtResource("3_wquks")
skeleton = NodePath("../../..")

[node name="NPCs" type="Node3D" parent="."]

[node name="BOOOO" parent="NPCs" instance=ExtResource("4_lgu3m")]
transform = Transform3D(0.707107, 0, 0.707107, 0, 1, 0, -0.707107, 0, 0.707107, 5.86789, 0, -1.51928)

[node name="OOOOh" parent="NPCs" instance=ExtResource("4_lgu3m")]
transform = Transform3D(0.707107, 0, 0.707107, 0, 1, 0, -0.707107, 0, 0.707107, -3.28996, 0, 0.20408)

[node name="Critter" parent="." instance=ExtResource("4_lgu3m")]
transform = Transform3D(0.707107, 0, 0.707107, 0, 1, 0, -0.707107, 0, 0.707107, 1.28976, 0, -0.523116)
